baseline_total_units: 36301.0
baseline_total_co2_kg: 3491.119306566
baseline_total_cost_usd: 4103.080092496
avg_co2_per_unit_kg: 0.09617143622947026
